19 5.4852813742385695 5.485281374238571 0
18.380471347105917 7.20860717631402 4.416102075166144 -28
17.267715068965796 5.566509763726588 5.403358165887255 30.5
16.66665403701454 4.499286117969811 7.1795597626960586 28
15.533955403897245 5.453761178222782 5.516801570254357 -30.5
14.871190518229145 18.816945942702517 4.443650600756823 -28
13.80138381647026 21.07032253142291 5.435291677929875 30.5
13.149916598479525 33.86423359912985 7.21816825328918 28
12.748286104904127 30.75143018307331 10.123817411679042 24
11.748286104904127 30.411914814536416 10.77691650798002 0
10.748286104904127 30.072399445999515 11.430015604281 0
9.748286104904127 29.73288407746263 10.700560051447596 0
8.748286104904125 29.393368708925728 9.625861857611394 0
7.748286104904125 29.053853340388834 8.551163663775194 0
7.2760883949455994 27.08409758848315 6.998536656850103 21
7.095896800776671 25.475875074497765 5.742663724356197 24.5
7.339655302064205 24.369326477601 4.797831551322052 27.5
8.235780441986904 23.86574806005866 4.160333131114127 29.5
10.377062526817813 17.24172029575263 3.831317675570703 31
23.862848239309496 10.532010636684921 3.8307906754413246 31.5
21.86154114008272 7.519225232666319 4.228649387227976 31.5
20.6818513678139 5.783237328257487 5.18296470103779 31
20.1276842480433 4.670611161696733 6.924243891783572 28.5
18.948426851371796 5.635847111426726 5.334566356666453 -30
18.343011181920655 4.534025638681312 7.06596107327832 28.5
17.215201507894168 5.505737634788945 5.465556614650049 -30
16.55106092706054 4.427147740580479 21.020885368524493 28
15.483511143707513 5.442330521330062 5.529894304823657 -30.5
14.87698623454489 7.266922858540909 4.473852700895385 -28
13.749317705529972 5.573106465295073 20.859240383050484 30.5
13.08267422690048 7.353515797477321 24.266367921747417 -28
12.666035499756404 10.241854814022224 29.095747946304186 -24
11.666035499756404 10.876388552573045 27.047000645380265 0
10.666035499756404 11.510922291123865 24.99825334445635 0
9.6660354997564 10.676593261669664 22.949506043532434 0
8.6660354997564 9.596808410132441 20.900758742608513 0
7.666035499756401 8.517023558595216 18.852011441684596 0
7.197864514421775 6.946447129744554 23.219872966618315 -21.5
7.027142970582043 5.684969824536861 29.49143114192944 -25
7.261844091146109 4.740953550581053 28.294832944679747 -27.5
8.142504966661967 4.102860438970864 27.800533783383795 -29.5
10.255034028434942 3.7715005790019953 17.47361950687914 -31
15.46481001874886 3.7770622710260726 10.595398476661883 -32
25.8170402564074 4.189652326520779 7.537950158559173 -32
24.60713937805251 5.154603304105368 5.808888745620646 -31
24.14635581311435 6.952408698783289 4.684108982810791 -29
22.878310901698647 5.343491406865791 5.625379331959657 30
22.353960369974487 7.116731671156359 4.532237856525557 -28.5
21.14482974461932 5.492946012193178 5.477619171806767 30
20.551507833165214 4.422662918379909 7.198603840652943 28
19.41274474380902 5.411492258815869 5.55859275024933 -30.5
18.843385697287857 7.190203530206945 4.4924802956684395 -28
17.678788423771735 5.525191258206377 5.445383401314695 30.5
17.04231202581569 4.450844001801533 7.159823263107505 28
15.946410215510358 5.444160453357739 5.526763560869121 -30.5
15.326562871388045 7.2297025267811215 4.464563649225795 -28
14.212747102924155 5.557436504219565 5.4131476308226265 30.5
13.533116218466173 4.479025085223155 7.121042685562072 28
12.480075687211697 5.476828647899611 5.494934371488917 -30.5