0 0 19 5.4852813742385695 5.485281374238571 0
5.551115123125783e-17 0.8829475928589269 18.380471347105917 7.20860717631402 4.416102075166144 -28
-0.1348367961647926 1.7339610172672513 17.267715068965796 5.566509763726588 5.403358165887255 30.5
-0.12348180684280713 2.6168355927041427 16.66665403701454 4.499286117969811 7.1795597626960586 28
0.022288144347092254 3.4660445961027544 15.533955403897245 5.453761178222782 5.516801570254357 -30.5
0.02228814434709231 4.348992188961681 14.871190518229145 18.816945942702517 4.443650600756823 -28
-0.11254865181770024 5.200005613370005 13.80138381647026 21.07032253142291 5.435291677929875 30.5
-0.10119366249571476 6.082880188806897 13.149916598479525 33.86423359912985 7.21816825328918 28
0.05335945952498977 6.983257129678375 12.748286104904127 30.75143018307331 10.123817411679042 24
0.35460135192456915 7.936804885306545 11.748286104904127 30.411914814536416 10.77691650798002 0
0.6558432443241485 8.890352640934715 10.748286104904127 30.072399445999515 11.430015604281 0
0.9570851367237279 9.843900396562885 9.748286104904127 29.73288407746263 10.700560051447596 0
1.2583270291233073 10.797448152191055 8.748286104904125 29.393368708925728 9.625861857611394 0
1.5595689215228867 11.750995907819226 7.748286104904125 29.053853340388834 8.551163663775194 0
1.8408024559081102 12.641209428204023 7.2760883949455994 27.08409758848315 6.998536656850103 21
2.2166090298349825 13.469942758949566 7.095896800776671 25.475875074497765 5.742663724356197 24.5
2.6910879420370737 14.219381202086188 7.339655302064205 24.369326477601 4.797831551322052 27.5
3.2642947463265823 14.874326235635749 8.235780441986904 23.86574806005866 4.160333131114127 29.5
3.9270336043301 15.41793729833144 10.377062526817813 17.24172029575263 3.831317675570703 31
4.669318299346375 15.837471184226692 23.862848239309496 10.532010636684921 3.8307906754413246 31.5
5.4733267356834165 16.121312132943814 21.86154114008272 7.519225232666319 4.228649387227976 31.5
6.318948581840093 16.261524381679507 20.6818513678139 5.783237328257487 5.18296470103779 31
7.197736008924092 16.25430112018619 20.1276842480433 4.670611161696733 6.924243891783572 28.5
8.051575920792553 16.109534394380642 18.948426851371796 5.635847111426726 5.334566356666453 -30
8.930392922456793 16.10909270060763 18.343011181920655 4.534025638681312 7.06596107327832 28.5
9.785324535497667 15.970919124901815 17.215201507894168 5.505737634788945 5.465556614650049 -30
10.668249152145036 15.977288822969404 16.55106092706054 4.427147740580479 21.020885368524493 28
11.52021316141511 15.848594856398991 15.483511143707513 5.442330521330062 5.529894304823657 -30.5
12.402982846179762 15.866318721549991 14.87698623454489 7.266922858540909 4.473852700895385 -28
13.251118148047508 16.018211183011633 13.749317705529972 5.573106465295073 20.859240383050484 30.5
14.134042764694875 16.02458088107922 13.08267422690048 7.353515797477321 24.266367921747417 -28
15.0352780293638 16.17404760278195 12.666035499756404 10.241854814022224 29.095747946304186 -24
15.990511532496669 16.46990052991384 11.666035499756404 10.876388552573045 27.047000645380265 0
16.94574503562954 16.76575345704573 10.666035499756404 11.510922291123865 24.99825334445635 0
17.90097853876241 17.06160638417762 9.6660354997564 10.676593261669664 22.949506043532434 0
18.85621204189528 17.35745931130951 8.6660354997564 9.596808410132441 20.900758742608513 0
19.81144554502815 17.653312238441398 7.666035499756401 8.517023558595216 18.852011441684596 0
20.700211577867986 17.928578999383813 7.197864514421775 6.946447129744554 23.219872966618315 -21.5
21.526705267095963 18.300468749860478 7.027142970582043 5.684969824536861 29.49143114192944 -25
22.27626117178868 18.7747620809498 7.261844091146109 4.740953550581053 28.294832944679747 -27.5
22.931348115556023 19.347806698375518 8.142504966661967 4.102860438970864 27.800533783383795 -29.5
23.47512326068902 20.010410933895134 10.255034028434942 3.7715005790019953 17.47361950687914 -31
23.8925804535229 20.748594559794405 15.46481001874886 3.7770622710260726 10.595398476661883 -32
24.17308079517599 21.54891020485393 25.8170402564074 4.189652326520779 7.537950158559173 -32
24.309251558727688 22.39519225272372 24.60713937805251 5.154603304105368 5.808888745620646 -31
24.29788460028659 23.269738091643784 24.14635581311435 6.952408698783289 4.684108982810791 -29
24.14683661624858 24.122489231495297 22.878310901698647 5.343491406865791 5.625379331959657 30
24.13992589577845 25.001279171953254 22.353960369974487 7.116731671156359 4.532237856525557 -28.5
23.995462847116187 25.855170516078022 21.14482974461932 5.492946012193178 5.477619171806767 30
23.995333097479318 26.738118099403557 20.551507833165214 4.422662918379909 7.198603840652943 28
24.130044835295084 27.589151328965027 19.41274474380902 5.411492258815869 5.55859275024933 -30.5
24.118560107188785 28.47202422624736 18.843385697287857 7.190203530206945 4.4924802956684395 -28
23.9726653658403 29.321211799501953 17.678788423771735 5.525191258206377 5.445383401314695 30.5
23.97253561620343 30.204159382827488 17.04231202581569 4.450844001801533 7.159823263107505 28
24.107247354019197 31.055192612388957 15.946410215510358 5.444160453357739 5.526763560869121 -30.5
24.095762625912897 31.93806550967129 15.326562871388045 7.2297025267811215 4.464563649225795 -28
23.949867884564412 32.78725308292588 14.212747102924155 5.557436504219565 5.4131476308226265 30.5
23.949738134927543 33.67020066625142 13.533116218466173 4.479025085223155 7.121042685562072 28
24.08444987274331 34.521233895812884 12.480075687211697 5.476828647899611 5.494934371488917 -30.5